20070527060000   20070616060000
20090609120000   20090622120000
20090703060000   20090718060000
20090825000000   20090901000000
20070107060000   20070128060000
20070404060000   20070413060000
20090322180000   20090401180000
20081109060000   20081116060000
20080825060000   20080908060000
20090228180000   20090317180000
20081208060000   20081229060000
20091120060000   20091210060000
20071014180000   20071027180000
20090223000000   20090314000000
20070828060000   20070921060000
20060509120000   20060526120000
20080503180000   20080512180000
20080504000000   20080516000000
20081229060000   20090122060000
20071008180000   20071027180000
20061219000000   20061226000000
20091021120000   20091031120000
20080707120000   20080713120000
20080924180000   20081002180000
20071226060000   20080106060000
20081009180000   20081024180000
20090613180000   20090707180000
20060312180000   20060324180000
20061206000000   20061212000000
20070325180000   20070403180000
20070508120000   20070530120000
20070306180000   20070330180000
20090212060000   20090226060000
20060420180000   20060505180000
20090828000000   20090905000000
20081215180000   20081229180000
20080116180000   20080125180000
20090524060000   20090603060000
20070609120000   20070628120000
20070211180000   20070301180000
20080710000000   20080726000000
20080710180000   20080731180000
20071219180000   20080101180000
20070411180000   20070425180000
20091104000000   20091118000000
20060315180000   20060322180000
20060417180000   20060501180000
20060617000000   20060707000000
20080213120000   20080306120000
20080728000000   20080808000000
20060924000000   20061012000000
20091125060000   20091130060000
20060419060000   20060511060000
20060413000000   20060501000000
20091124120000   20091205120000
20061010180000   20061031180000
20080229060000   20080311060000
20080813180000   20080904180000
20070212060000   20070227060000
20060813060000   20060905060000
